-310.983 -2.32483 50.6922 10.7464 -2.94339 53.7516 37.6062 1.39678 123.43 11.2679 39.4251 -121.367 43.0219 0.340761 -121.275 89.7226 -6.71311 -220.464 118.772 -31.6877 235.506 0 0 0 0 0 0 0 0 0 0 0 0 0 0 0 0 0 0 0 0 0 0 0 0 0 0 0 0 0 0 0 0 0 0 0 0 0 0 0 0 0 0 0 0 0 0 0 0 0 0 0 -0.000945974 -0.00102611 0.00201575 0 0 0 0 0 0 0.0230157 0.0297698 -0.0483686 0.00044128 -0.000100963 -0.00116887 0 0 0 0 0 0 -0.036199 0.0646666 0.438924 0 0 0 0.00569238 0.00123384 -0.00991532 -0.00934572 -0.0524058 -0.468162 -6.52262 -3.58564 -1.78713 5.1442 0.662294 0.0356971 1.10476 3.23878 3.02371 -1.44745 5.27978 -1.34733 -4.01813 -1.21336 1.18407 1.5973 -0.885154 -3.41267 4.07511 -0.916363 2.15927 0 0 0 0 0 0 0 0 0 0 0 0 0 0 0 0 0 0 0 0 0 0 0 0 0 0 0 -0.124973 0.147742 0.069579 0 0 0 0 0 0 0.187823 -0.187443 -0.0965025 0 0 0 0 0 0 0 0 0 0 0 0 0 0 0 0 0 0 0 0 0 0 0 0 0 0 0 0 0 0 0 0 0 0 0 0 0 0 0 0 0 0 0 0 0 0 0 0 0 0 0 0 0 0 0 0 0 0 0 0 0 0 0 0 0 0 -0.0274702 -0.0928975 0.323708 0.355062 0.203959 -0.461462 0 0 0 0.00583554 0.020765 -0.287064 -0.464639 -0.151103 0.353488 0 0 0 0.00611579 -0.000347224 0.0395446 0 0 0 0 0 0 0 0 0 0 0 0 0 0 0 0 0 0 0 0 0 -0.0097765 0.00617924 0.000928153 0.0524187 0.0562441 -0.00074115 0 0 0 0.0186243 0.0303414 0.0101594 -0.0674793 -0.147554 0.00610328 0 0 0 -0.000944758 -0.00199952 -0.000866719 0 0 0 0 0 0 0 0 0 0 0 0 0 0 0 0 0 0 0 0 0 
-2.32483 -40.6537 4.4603 -8.00425 20.1129 -2.32477 0.146962 18.1 -5.63109 13.4429 27.667 -9.28751 3.77953 -2.954 3.38013 -3.96441 -1.92949 8.16808 -9.5167 -8.01927 4.37122 0 0 0 0 0 0 0 0 0 0 0 0 0 0 0 0 0 0 0 0 0 0 0 0 0 0 0 0 0 0 0 0 0 0 0 0 0 0 0 0 0 0 0 0 0 0 0 0 0 0 0 -0.00102611 -0.00107261 0.00214396 0 0 0 0 0 0 0.0297698 0.0297758 -0.0541712 -0.000100963 1.61219e-05 0.000263471 0 0 0 0 0 0 0.0646666 0.0759815 -0.200318 0 0 0 0.00123384 7.1632e-05 -0.00208071 -0.0524058 -0.163014 0.144458 2.60414 -7.95949 1.9575 0.792104 -6.5033 -0.854423 3.24205 0.492547 -3.3505 5.19849 0.343629 1.15613 3.40857 5.37832 -2.99612 -3.29066 -1.13287 3.74112 -5.43997 -2.65768 -2.52026 0 0 0 0 0 0 0 0 0 0 0 0 0 0 0 0 0 0 0 0 0 0 0 0 0 0 0 0.147742 -0.155006 -0.0770094 0 0 0 0 0 0 -0.187443 0.150692 0.0874164 0 0 0 0 0 0 0 0 0 0 0 0 0 0 0 0 0 0 0 0 0 0 0 0 0 0 0 0 0 0 0 0 0 0 0 0 0 0 0 0 0 0 0 0 0 0 0 0 0 0 0 0 0 0 0 0 0 0 0 0 0 0 0 0 0 0 -0.0928975 0.0262126 -0.43048 0.203959 -0.076881 1.16074 0 0 0 0.020765 0.0691606 0.0857351 -0.151103 -0.15477 -0.868739 0 0 0 -0.000347224 -0.00404144 -0.00135025 0 0 0 0 0 0 0 0 0 0 0 0 0 0 0 0 0 0 0 0 0 0.00617924 0.399061 0.0614234 0.0562441 -0.981717 0.0136674 0 0 0 0.0303414 -0.497499 -0.173412 -0.147554 0.942732 -0.0426587 0 0 0 -0.00199952 0.0556729 0.0245723 0 0 0 0 0 0 0 0 0 0 0 0 0 0 0 0 0 0 0 0 0 
50.6922 4.4603 -544.993 130.992 -17.0879 -76.9189 34.5191 -3.20728 -103.062 -43.4274 19.8386 -99.2592 -189.299 11.4506 313.123 -149.765 8.13695 264.767 165.675 -20.5792 247.626 0 0 0 0 0 0 0 0 0 0 0 0 0 0 0 0 0 0 0 0 0 0 0 0 0 0 0 0 0 0 0 0 0 0 0 0 0 0 0 0 0 0 0 0 0 0 0 0 0 0 0 0.00201575 0.00214396 -0.00419296 0 0 0 0 0 0 -0.0483686 -0.0541712 0.0844494 -0.00116887 0.000263471 0.00304362 0 0 0 0 0 0 0.438924 -0.200318 -1.25416 0 0 0 -0.00991532 -0.00208071 0.0165336 -0.468162 0.144458 1.11131 0.807045 0.170787 -6.97535 0.0431857 -0.814387 5.09537 3.02068 -3.34436 0.959452 -1.41044 1.22819 4.45612 0.621607 -0.200322 -2.65665 -2.24716 0.843976 0.706228 -0.0926604 -0.626178 -2.52125 0 0 0 0 0 0 0 0 0 0 0 0 0 0 0 0 0 0 0 0 0 0 0 0 0 0 0 0.069579 -0.0770094 -0.0277542 0 0 0 0 0 0 -0.0965025 0.0874164 0.0259031 0 0 0 0 0 0 0 0 0 0 0 0 0 0 0 0 0 0 0 0 0 0 0 0 0 0 0 0 0 0 0 0 0 0 0 0 0 0 0 0 0 0 0 0 0 0 0 0 0 0 0 0 0 0 0 0 0 0 0 0 0 0 0 0 0 0 0.323708 -0.43048 1.40271 -0.461462 1.16074 -2.19005 0 0 0 -0.287064 0.0857351 -1.10988 0.353488 -0.868739 1.5062 0 0 0 0.0395446 -0.00135025 0.149724 0 0 0 0 0 0 0 0 0 0 0 0 0 0 0 0 0 0 0 0 0 0.000928153 0.0614234 -0.000643764 -0.00074115 0.0136674 0.0552886 0 0 0 0.0101594 -0.173412 -0.0376625 0.00610328 -0.0426587 -0.0868257 0 0 0 -0.000866719 0.0245723 0.0096359 0 0 0 0 0 0 0 0 0 0 0 0 0 0 0 0 0 0 0 0 0 
10.7464 -8.00425 130.992 -564.872 64.6317 390.747 -0.963621 0.229764 -11.6353 -1.04931 0.781242 13.578 547.095 -55.849 -524.233 1.51319 0.256468 -5.21364 6.18881 0.0446945 7.35577 0 0 0 0 0 0 0 0 0 0 0 0 0 0 0 0 0 0 0 0 0 0 0 0 0 0 0 0 0 0 0 0 0 0 0 0 0 0 0 0 0 0 0 0 0 0 0 0 0 0 0 0 0 0 0 0 0 0 0 0 0 0 0 0 0 0 0 0 0 0 0 0 2.22003e-05 -9.19507e-06 -8.35727e-05 0 0 0 0 0 0 -0.00872626 0.00405052 0.0520865 2.89913 5.20349 -1.95853 -2.94335 -0.431666 0.165377 1.39664 -7.17092 -1.59739 0.249996 -2.2708 2.06336 1.07638 -0.102655 0.0580831 -0.773924 1.76276 0.762066 -0.593904 0.86968 -1.09665 0 0 0 0 0 0 0 0 0 0 0 0 0 0 0 0 0 0 0 0 0 0 0 0 0 0 0 0.191074 -0.238999 -0.0489634 0 0 0 0 0 0 -0.214786 0.226177 0.0465123 0 0 0 0 0 0 0 0 0 0 0 0 0 0 0 0 0 0 0 0 0 0 0 0 0 0 0 0 0 0 0 0 0 0 0 0 0 0 0 0 0 0 0 0 0 0 0 0 0.127063 0.0328621 0.092186 0 0 0 0 0 0 -0.123421 -0.0417101 -0.112986 0 0 0 0 0 0 0 0 0 -0.0157536 -0.0235517 0.0648601 0 0 0 0 0 0 0.0624823 0.0307309 -0.0896063 0 0 0 0 0 0 0 0 0 0 0 0 0 0 0 0 0 0 0 0 0 0 0 0 0 0 0 0.00106581 -0.000893409 -0.000303076 -0.0325629 -0.0387966 -0.00725567 0 0 0 -0.000565407 -0.00307746 -0.00166477 0.04482 0.102751 0.0180307 0 0 0 0 0 0 0 0 0 0 0 0 0 0 0 0 0 0 0 0 0 0 0 0 0 0 0 
-2.94339 20.1129 -17.0879 64.6317 -18.3536 -38.6391 0.229164 -7.37336 -0.415787 0.779708 -8.43792 1.41679 -60.6643 7.51626 51.2744 -0.166513 0.855333 0.804172 0.561613 0.568938 0.735078 0 0 0 0 0 0 0 0 0 0 0 0 0 0 0 0 0 0 0 0 0 0 0 0 0 0 0 0 0 0 0 0 0 0 0 0 0 0 0 0 0 0 0 0 0 0 0 0 0 0 0 0 0 0 0 0 0 0 0 0 0 0 0 0 0 0 0 0 0 0 0 0 -9.19507e-06 3.48212e-06 3.4185e-05 0 0 0 0 0 0 0.00405052 0.0055999 -0.0137069 5.19555 -3.26434 3.43392 -0.431613 4.2877 -2.78022 -7.4989 4.38806 1.79742 -2.27079 -0.203764 -1.86749 -0.102652 -1.13374 1.2532 1.76121 0.370534 -0.553471 0.869676 0.598355 0.577843 0 0 0 0 0 0 0 0 0 0 0 0 0 0 0 0 0 0 0 0 0 0 0 0 0 0 0 -0.238999 0.250383 0.0554141 0 0 0 0 0 0 0.226177 -0.181132 -0.0431805 0 0 0 0 0 0 0 0 0 0 0 0 0 0 0 0 0 0 0 0 0 0 0 0 0 0 0 0 0 0 0 0 0 0 0 0 0 0 0 0 0 0 0 0 0 0 0 0 0.0328621 0.00327184 0.0229547 0 0 0 0 0 0 -0.0417101 -0.00383031 -0.0355135 0 0 0 0 0 0 0 0 0 -0.0235517 0.0389268 -0.174671 0 0 0 0 0 0 0.0307309 -0.00780036 0.238587 0 0 0 0 0 0 0 0 0 0 0 0 0 0 0 0 0 0 0 0 0 0 0 0 0 0 0 -0.000893409 -0.0783437 -0.0269419 -0.0387966 0.62036 0.122538 0 0 0 -0.00307746 0.0475782 0.0261496 0.102751 -0.626335 -0.120473 0 0 0 0 0 0 0 0 0 0 0 0 0 0 0 0 0 0 0 0 0 0 0 0 0 0 0 
53.7516 -2.32477 -76.9189 390.747 -38.6391 -494.021 -11.6255 -0.416562 13.7 13.5401 1.41557 16.1004 -445.185 38.5615 544.177 1.3866 -0.0134537 -1.58383 -1.32427 -0.00994927 -1.17801 0 0 0 0 0 0 0 0 0 0 0 0 0 0 0 0 0 0 0 0 0 0 0 0 0 0 0 0 0 0 0 0 0 0 0 0 0 0 0 0 0 0 0 0 0 0 0 0 0 0 0 0 0 0 0 0 0 0 0 0 0 0 0 0 0 0 0 0 0 0 0 0 -8.35727e-05 3.4185e-05 0.000310423 0 0 0 0 0 0 0.0520865 -0.0137069 -0.169594 -1.86734 3.28003 4.62652 0.165354 -2.78017 -1.90388 -1.38899 1.46629 -4.2287 2.06336 -1.86749 -0.562078 0.0580817 1.2532 0.372061 0.762258 -0.554095 1.41143 -1.09665 0.577845 0.32795 0 0 0 0 0 0 0 0 0 0 0 0 0 0 0 0 0 0 0 0 0 0 0 0 0 0 0 -0.0489634 0.0554141 -0.00875045 0 0 0 0 0 0 0.0465123 -0.0431805 0.0199629 0 0 0 0 0 0 0 0 0 0 0 0 0 0 0 0 0 0 0 0 0 0 0 0 0 0 0 0 0 0 0 0 0 0 0 0 0 0 0 0 0 0 0 0 0 0 0 0 0.092186 0.0229547 0.0594825 0 0 0 0 0 0 -0.112986 -0.0355135 -0.0869209 0 0 0 0 0 0 0 0 0 0.0648601 -0.174671 0.456536 0 0 0 0 0 0 -0.0896063 0.238587 -0.621657 0 0 0 0 0 0 0 0 0 0 0 0 0 0 0 0 0 0 0 0 0 0 0 0 0 0 0 -0.000303076 -0.0269419 -0.00806379 -0.00725567 0.122538 -0.0119433 0 0 0 -0.00166477 0.0261496 0.0133845 0.0180307 -0.120473 0.0390578 0 0 0 0 0 0 0 0 0 0 0 0 0 0 0 0 0 0 0 0 0 0 0 0 0 0 0 
37.6062 0.146962 34.5191 -0.963621 0.229164 -11.6255 -154.956 2.35466 119.12 26.0463 2.45576 -0.962073 -2.41625 0.0674338 4.14141 97.1327 -5.16691 -145.78 -2.28864 0.0629743 0.0929876 0 0 0 0 0 0 0 0 0 0 0 0 0 0 0 0 0 0 0 0 0 0 0 0 0 0 0 0 0 0 0 0 0 -0.00898959 -0.000935551 0.00644522 0 0 0 0 0 0 0 0 0 0 0 0 0 0 0 0.0206723 0.105483 -0.180588 0 0 0 0 0 0 -0.00958652 -0.112815 0.157148 -0.00463393 0.0247486 0.27505 0 0 0 0.0588278 0.0134517 -0.224272 -0.307474 -0.0608667 -0.380256 0 0 0 -0.0666506 -0.0347911 0.235717 0.341267 0.0372887 0.308271 -0.754775 3.51133 2.05589 -1.45435 -2.47452 -0.818857 0.670867 -1.29083 -1.62839 2.05714 -2.17328 -0.294011 1.08452 1.02288 0.0994184 -0.543211 0.450125 0.762823 -1.31592 0.728034 0.137323 0 0 0 0 0 0 0 0 0 0 0 0 0 0 0 0 0 0 0 0 0 0 0 0 0 0 0 0 0 0 0 0 0 0 0 0 0 0 0 0 0 0 0 0 0 0 0 0 0 0 0 0 0 0 0 0 0 0 0 0 0 0 0 0 0 0 0 0 0 0 0 0 0 0 0 0 0 0 0 0 0 0 0 0 0 0 0 0 0 0 0 0 0 0 0 0 0 0 0 0 0 0 0 0 0 -0.132476 0.207674 -0.623961 -0.0649932 -0.444316 0.843483 0.00379239 -0.00396086 0.0100014 0.130327 -0.0452888 0.50914 0.156577 0.342686 -0.653468 0 0 0 -0.0371737 0.00171043 -0.104777 0 0 0 0 0 0 0 0 0 0 0 0 0 0 0 0 0 0 0 0 0 -0.00130755 -0.050619 -0.0023922 -0.0262204 0.0743035 -0.00923246 0 0 0 -0.0229718 0.0653969 0.0147153 0.0641662 -0.0272601 0.00441637 0 0 0 0.00175646 -0.0156722 -0.00512042 0 0 0 0 0 0 0 0 0 0 0 0 0 0 0 0 0 0 0 0 0 
1.39678 18.1 -3.20728 0.229764 -7.37336 -0.416562 2.35466 -6.15952 -19.7704 2.44927 -9.08097 -0.0665717 0.2785 1.01093 -0.280226 -6.75301 0.146836 22.9399 0.0319628 2.32064 0.0502976 0 0 0 0 0 0 0 0 0 0 0 0 0 0 0 0 0 0 0 0 0 0 0 0 0 0 0 0 0 0 0 0 0 -0.000935551 5.82719e-06 0.000663225 0 0 0 0 0 0 0 0 0 0 0 0 0 0 0 0.105483 0.138854 -0.308157 0 0 0 0 0 0 -0.112815 -0.146598 0.27928 0.0247486 0.0566188 -0.0972412 0 0 0 0.0134517 -0.0294672 -0.0334095 -0.0608667 -0.307379 0.380552 0 0 0 -0.0347911 0.034654 0.0731552 0.0372887 0.372592 -0.204877 3.67345 -0.311735 -1.9049 -2.47451 2.82567 1.79067 -1.29083 -0.285137 1.13345 -2.17328 -0.4015 0.17148 1.02287 -1.75237 -0.30779 0.450125 0.187935 -0.363177 0.728034 0.440948 -0.0495089 0 0 0 0 0 0 0 0 0 0 0 0 0 0 0 0 0 0 0 0 0 0 0 0 0 0 0 0 0 0 0 0 0 0 0 0 0 0 0 0 0 0 0 0 0 0 0 0 0 0 0 0 0 0 0 0 0 0 0 0 0 0 0 0 0 0 0 0 0 0 0 0 0 0 0 0 0 0 0 0 0 0 0 0 0 0 0 0 0 0 0 0 0 0 0 0 0 0 0 0 0 0 0 0 0 0.207674 -0.00896422 0.465418 -0.444316 0.0518548 -0.961655 -0.00396086 0.00357622 -0.00973216 -0.0452888 -0.10031 -0.096393 0.342686 0.138623 0.67081 0 0 0 0.00171043 0.0115073 0.00367687 0 0 0 0 0 0 0 0 0 0 0 0 0 0 0 0 0 0 0 0 0 -0.050619 -0.28831 -0.013973 0.0743035 0.627368 -0.082247 0 0 0 0.0653969 0.568772 0.134759 -0.0272601 -0.673938 0.119742 0 0 0 -0.0156722 -0.117847 -0.0397365 0 0 0 0 0 0 0 0 0 0 0 0 0 0 0 0 0 0 0 0 0 
123.43 -5.63109 -103.062 -11.6353 -0.415787 13.7 119.12 -19.7704 -904.074 -0.862283 -0.0598134 -9.22105 -2.57311 0.106174 2.35095 -226.823 24.8487 995.995 -1.1258 0.0637013 3.70146 0 0 0 0 0 0 0 0 0 0 0 0 0 0 0 0 0 0 0 0 0 0 0 0 0 0 0 0 0 0 0 0 0 0.00644522 0.000663225 -0.00446701 0 0 0 0 0 0 0 0 0 0 0 0 0 0 0 -0.180588 -0.308157 0.486425 0 0 0 0 0 0 0.157148 0.27928 -0.335137 0.27505 -0.0972412 -1.01535 0 0 0 -0.224272 -0.0334095 0.525545 -0.380256 0.380552 2.00916 0 0 0 0.235717 0.0731552 -0.45019 0.308271 -0.204877 -1.29637 2.03034 -1.79722 2.08242 -0.818862 1.79069 -1.99327 -1.62839 1.13345 0.246235 -0.294011 0.17148 -1.64586 0.0994249 -0.307815 1.38492 0.762823 -0.363177 -0.213236 0.137323 -0.0495089 0.694088 0 0 0 0 0 0 0 0 0 0 0 0 0 0 0 0 0 0 0 0 0 0 0 0 0 0 0 0 0 0 0 0 0 0 0 0 0 0 0 0 0 0 0 0 0 0 0 0 0 0 0 0 0 0 0 0 0 0 0 0 0 0 0 0 0 0 0 0 0 0 0 0 0 0 0 0 0 0 0 0 0 0 0 0 0 0 0 0 0 0 0 0 0 0 0 0 0 0 0 0 0 0 0 0 0 -0.623961 0.465418 -1.25242 0.843483 -0.961655 1.37088 0.0100014 -0.00973216 0.0242961 0.50914 -0.096393 0.974772 -0.653468 0.67081 -0.788766 0 0 0 -0.104777 0.00367687 -0.21367 0 0 0 0 0 0 0 0 0 0 0 0 0 0 0 0 0 0 0 0 0 -0.0023922 -0.013973 0.00669815 -0.00923246 -0.082247 -0.0243418 0 0 0 0.0147153 0.134759 0.00020982 0.00441637 0.119742 0.0457724 0 0 0 -0.00512042 -0.0397365 -0.00920674 0 0 0 0 0 0 0 0 0 0 0 0 0 0 0 0 0 0 0 0 0 
11.2679 13.4429 -43.4274 -1.04931 0.779708 13.5401 26.0463 2.44927 -0.862283 -177.539 15.2848 -193.279 3.30226 0.0629854 -2.12098 -2.44268 -0.428839 0.531345 140.262 -26.2332 225.351 0 0 0 0 0 0 0 0 0 0 0 0 0 0 0 0 0 0 0 0 0 0 0 0 0 0 0 0 0 0 0 0 0 0 0 0 0 0 0 0 0 0 0 0 0 0 0 0 0 0 0 0 0 0 0 0 0 0 0 0 -0.0156539 -0.0142204 0.0191826 -0.0102363 0.00114728 0.0176239 0 0 0 0 0 0 0.228636 -0.07778 -0.600638 0 0 0 -0.000615308 -0.000124719 0.000720398 -0.198543 0.0467563 0.541314 6.44715 0.834772 0.426634 -2.13126 1.96062 0.577904 -2.45056 -0.890203 -1.01732 -1.2285 -11.7642 -1.24635 0.828103 -1.10219 -0.0823148 0.792547 0.555017 0.841468 -2.19312 5.05537 0.707888 0 0 0 0 0 0 0 0 0 0 0 0 0 0 0 0 0 0 0 0 0 0 0 0 0 0 0 0.0964838 -0.175439 -0.102318 0 0 0 0 0 0 -0.13126 0.205452 0.13202 0 0 0 0 0 0 0 0 0 0 0 0 0 0 0 0 0 0 0 0 0 0 0 0 -0.00927939 0.00166468 -0.00800356 0 0 0 0 0 0 0.182009 -0.067204 0.227503 0 0 0 0 0 0 -0.129594 0.0766709 -0.174358 0 0 0 0 0 0 0 0 0 0 0 0 0 0 0 0 0 0 0 0 0 0.300421 0.0339182 -0.0948971 -0.627345 0.076426 -0.137604 -0.00589242 -0.0059135 0.0142099 -0.253445 -0.017986 0.15593 0.630239 -0.0947321 0.169737 0 0 0 0.0439685 0.00283625 -0.0692961 0 0 0 0 0 0 0 0 0 0 0 0 0 0 0 0 0 0 0 0 0 0.00698348 0.0804395 0.00455443 -0.00239357 -0.164065 0.019417 0 0 0 0.001734 -0.143526 -0.0343641 -0.0171454 0.19895 -0.0311513 0 0 0 -0.00118595 0.0299186 0.0102682 0 0 0 0 0 0 0 0 0 0 0 0 0 0 0 0 0 0 0 0 0 
39.4251 27.667 19.8386 0.781242 -8.43792 1.41557 2.45576 -9.08097 -0.0598134 15.2848 -89.1252 195.903 0.0237286 2.4051 -0.439404 -0.285587 2.50012 0.162097 -52.1792 62.4939 -216.792 0 0 0 0 0 0 0 0 0 0 0 0 0 0 0 0 0 0 0 0 0 0 0 0 0 0 0 0 0 0 0 0 0 0 0 0 0 0 0 0 0 0 0 0 0 0 0 0 0 0 0 0 0 0 0 0 0 0 0 0 -0.0142204 -0.0114916 0.0165796 0.00114728 0.000183634 -0.00191749 0 0 0 0 0 0 -0.07778 -0.098 0.135723 0 0 0 -0.000124719 -2.1677e-05 0.000145203 0.0467563 0.150169 -0.0713209 0.687374 -5.13114 -6.05747 1.96062 3.62486 1.87479 -0.890194 0.403679 3.5531 -11.834 14.7347 2.37659 -1.10219 -1.59769 -0.21298 0.555008 0.34599 -1.24552 5.1244 -0.973747 -0.632469 0 0 0 0 0 0 0 0 0 0 0 0 0 0 0 0 0 0 0 0 0 0 0 0 0 0 0 -0.175439 0.250487 0.156647 0 0 0 0 0 0 0.205452 -0.220507 -0.163773 0 0 0 0 0 0 0 0 0 0 0 0 0 0 0 0 0 0 0 0 0 0 0 0 0.00166468 -0.000215733 0.00142348 0 0 0 0 0 0 -0.067204 0.00429281 -0.0763435 0 0 0 0 0 0 0.0766709 -0.0186139 0.0890414 0 0 0 0 0 0 0 0 0 0 0 0 0 0 0 0 0 0 0 0 0 0.0339182 -0.0106243 0.880476 0.076426 0.130933 -1.379 -0.0059135 0.031306 -0.0915906 -0.017986 -0.236299 -0.24706 -0.0947321 0.107552 0.966342 0 0 0 0.00283625 0.0501493 0.0269787 0 0 0 0 0 0 0 0 0 0 0 0 0 0 0 0 0 0 0 0 0 0.0804395 -0.52692 -0.0309005 -0.164065 0.672038 -0.0842914 0 0 0 -0.143526 0.575242 0.145434 0.19895 -0.539695 0.0923303 0 0 0 0.0299186 -0.138682 -0.0493266 0 0 0 0 0 0 0 0 0 0 0 0 0 0 0 0 0 0 0 0 0 
-121.367 -9.28751 -99.2592 13.578 1.41679 16.1004 -0.962073 -0.0665717 -9.22105 -193.279 195.903 -823.248 -3.21872 -0.603107 -0.8422 1.727 0.281156 3.39263 303.326 -187.671 913.438 0 0 0 0 0 0 0 0 0 0 0 0 0 0 0 0 0 0 0 0 0 0 0 0 0 0 0 0 0 0 0 0 0 0 0 0 0 0 0 0 0 0 0 0 0 0 0 0 0 0 0 0 0 0 0 0 0 0 0 0 0.0191826 0.0165796 -0.021566 0.0176239 -0.00191749 -0.029147 0 0 0 0 0 0 -0.600638 0.135723 0.932519 0 0 0 0.000720398 0.000145203 -0.000835257 0.541314 -0.0713209 -0.669377 0.346558 -5.9835 3.39593 0.577894 1.87475 -2.18302 -1.01731 3.55311 1.35504 -1.24083 2.35264 -7.3636 -0.0823083 -0.212964 1.23819 0.841461 -1.24552 -0.720843 0.710226 -0.6265 3.55229 0 0 0 0 0 0 0 0 0 0 0 0 0 0 0 0 0 0 0 0 0 0 0 0 0 0 0 -0.102318 0.156647 0.0732499 0 0 0 0 0 0 0.13202 -0.163773 -0.0708792 0 0 0 0 0 0 0 0 0 0 0 0 0 0 0 0 0 0 0 0 0 0 0 0 -0.00800356 0.00142348 -0.00676356 0 0 0 0 0 0 0.227503 -0.0763435 0.240184 0 0 0 0 0 0 -0.174358 0.0890414 -0.18195 0 0 0 0 0 0 0 0 0 0 0 0 0 0 0 0 0 0 0 0 0 -0.0948971 0.880476 -2.15934 -0.137604 -1.379 1.84788 0.0142099 -0.0915906 0.213278 0.15593 -0.24706 1.87709 0.169737 0.966342 -1.08457 0 0 0 -0.0692961 0.0269787 -0.607898 0 0 0 0 0 0 0 0 0 0 0 0 0 0 0 0 0 0 0 0 0 0.00455443 -0.0309005 0.0170899 0.019417 -0.0842914 -0.030211 0 0 0 -0.0343641 0.145434 0.00264149 -0.0311513 0.0923303 0.0355213 0 0 0 0.0102682 -0.0493266 -0.011887 0 0 0 0 0 0 0 0 0 0 0 0 0 0 0 0 0 0 0 0 0 
43.0219 3.77953 -189.299 547.095 -60.6643 -445.185 -2.41625 0.2785 -2.57311 3.30226 0.0237286 -3.21872 -589.17 53.6748 640.181 -0.270964 0.00574768 -0.387683 -0.743943 4.5944e-05 -0.0833169 0 0 0 0 0 0 0 0 0 0 0 0 0 0 0 0 0 0 0 0 0 0 0 0 0 0 0 0 0 0 0 0 0 0 0 0 0 0 0 0 0 0 0 0 0 0 0 0 0 0 0 0 0 0 0 0 0 0 0 0 0 0 0 0 0 0 0 0 0 0 0 0 0 0 0 0 0 0 0 0 0 6.90441e-05 -1.61142e-05 -0.000201273 -3.59718 -0.307781 1.33259 1.33374 -0.339871 0.194229 1.01566 4.45783 -0.226247 0.514759 0.886534 -1.06661 -0.431951 0.198547 -0.147846 0.305862 -1.58012 -0.208233 0.00293617 -0.398661 0.673224 0 0 0 0 0 0 0 0 0 0 0 0 0 0 0 0 0 0 0 0 0 0.0317549 -0.0484412 -0.0130545 0 0 0 -0.179145 0.278589 0.0293751 -0.000150568 0.000169426 8.23352e-05 0 0 0 0.169725 -0.219835 -0.0198331 0.00401921 -0.00375675 -0.00215905 0 0 0 0 0 0 0 0 0 0 0 0 0 0 0 0 0 0 0 0 0 0 0 0 0 0 0 0 0 0 0 0 0 0 0 0 0 0 0 0 0 0 0 0 0 -0.0367887 -0.00821282 -0.020932 0 0 0 0 0 0 0.0635351 0.0183339 0.0454205 0 0 0 0 0 0 0 0 0 0.00185811 0.00127008 -0.00387431 0 0 0 0 0 0 -0.0168037 -0.00229257 0.00750117 0 0 0 0 0 0 0 0 0 0 0 0 0 0 0 0 0 0 0 0 0 0 0 0 0 0 0 9.8116e-07 -2.02929e-05 -8.29609e-06 0.0049201 0.0315613 0.00829122 0 0 0 0 0 0 -0.00439225 -0.0619016 -0.0159487 0 0 0 0 0 0 0 0 0 0 0 0 0 0 0 0 0 0 0 0 0 0 0 0 0 0 0 
0.340761 -2.954 11.4506 -55.849 7.51626 38.5615 0.0674338 1.01093 0.106174 0.0629854 2.4051 -0.603107 53.6748 -3.20362 -48.7238 0.0577059 -0.391524 -0.0219744 -0.00926476 -0.723607 -0.019247 0 0 0 0 0 0 0 0 0 0 0 0 0 0 0 0 0 0 0 0 0 0 0 0 0 0 0 0 0 0 0 0 0 0 0 0 0 0 0 0 0 0 0 0 0 0 0 0 0 0 0 0 0 0 0 0 0 0 0 0 0 0 0 0 0 0 0 0 0 0 0 0 0 0 0 0 0 0 0 0 0 -1.61142e-05 2.25343e-06 4.60211e-05 -1.88277 2.1072 -3.07293 -0.339927 -1.20874 1.47845 4.78555 -4.82344 0.510056 0.886535 0.231526 1.25052 0.198547 0.401254 -0.653867 -1.58012 0.0383184 0.191349 -0.398661 -0.372997 -0.426881 0 0 0 0 0 0 0 0 0 0 0 0 0 0 0 0 0 0 0 0 0 -0.0484412 0.0674045 0.0187138 0 0 0 0.278589 -0.315064 -0.0374023 0.000169426 -0.000189605 -9.23651e-05 0 0 0 -0.219835 0.185095 0.0205385 -0.00375675 0.00337682 0.00198233 0 0 0 0 0 0 0 0 0 0 0 0 0 0 0 0 0 0 0 0 0 0 0 0 0 0 0 0 0 0 0 0 0 0 0 0 0 0 0 0 0 0 0 0 0 -0.00821282 -0.00101695 -0.00457608 0 0 0 0 0 0 0.0183339 0.00169373 0.0124534 0 0 0 0 0 0 0 0 0 0.00127008 -0.0071166 0.0279147 0 0 0 0 0 0 -0.00229257 0.00584919 -0.0748707 0 0 0 0 0 0 0 0 0 0 0 0 0 0 0 0 0 0 0 0 0 0 0 0 0 0 0 -2.02929e-05 0.000308759 0.000126369 0.0315613 -0.214751 -0.0588756 0 0 0 0 0 0 -0.0619016 0.24175 0.0672026 0 0 0 0 0 0 0 0 0 0 0 0 0 0 0 0 0 0 0 0 0 0 0 0 0 0 0 
-121.275 3.38013 313.123 -524.233 51.2744 544.177 4.14141 -0.280226 2.35095 -2.12098 -0.439404 -0.8422 640.181 -48.7238 -862.974 -1.54065 0.0945907 0.971217 1.89682 0.0353311 2.96292 0 0 0 0 0 0 0 0 0 0 0 0 0 0 0 0 0 0 0 0 0 0 0 0 0 0 0 0 0 0 0 0 0 0 0 0 0 0 0 0 0 0 0 0 0 0 0 0 0 0 0 0 0 0 0 0 0 0 0 0 0 0 0 0 0 0 0 0 0 0 0 0 0 0 0 0 0 0 0 0 0 -0.000201273 4.60211e-05 0.000573391 3.92344 -7.98974 -2.43657 0.194254 1.4784 0.533547 -0.431699 0.836116 3.49912 -1.06661 1.25052 -0.233609 -0.147846 -0.653867 0.0100514 -0.208233 0.191349 -1.38847 0.673224 -0.426881 0.0950977 0 0 0 0 0 0 0 0 0 0 0 0 0 0 0 0 0 0 0 0 0 -0.0130545 0.0187138 0.00300627 0 0 0 0.0293751 -0.0374023 0.0357097 8.23352e-05 -9.23651e-05 -4.44262e-05 0 0 0 -0.0198331 0.0205385 -0.0407057 -0.00215905 0.00198233 0.00106683 0 0 0 0 0 0 0 0 0 0 0 0 0 0 0 0 0 0 0 0 0 0 0 0 0 0 0 0 0 0 0 0 0 0 0 0 0 0 0 0 0 0 0 0 0 -0.020932 -0.00457608 -0.0108845 0 0 0 0 0 0 0.0454205 0.0124534 0.027519 0 0 0 0 0 0 0 0 0 -0.00387431 0.0279147 -0.083118 0 0 0 0 0 0 0.00750117 -0.0748707 0.227939 0 0 0 0 0 0 0 0 0 0 0 0 0 0 0 0 0 0 0 0 0 0 0 0 0 0 0 -8.29609e-06 0.000126369 5.13108e-05 0.00829122 -0.0588756 -0.00610201 0 0 0 0 0 0 -0.0159487 0.0672026 -0.0017684 0 0 0 0 0 0 0 0 0 0 0 0 0 0 0 0 0 0 0 0 0 0 0 0 0 0 0 
89.7226 -3.96441 -149.765 1.51319 -0.166513 1.3866 97.1327 -6.75301 -226.823 -2.44268 -0.285587 1.727 -0.270964 0.0577059 -1.54065 -189.481 12.5591 374.511 2.84909 0.00447535 1.40436 0 0 0 0 0 0 0 0 0 0 0 0 0 0 0 0 0 0 0 0 0 0 0 0 -0.0514576 -0.00239033 0.025953 0 0 0 0 0 0 0.0684861 0.00773888 -0.0430566 0 0 0 0 0 0 0.000296856 0.0177182 -0.0267571 0 0 0 -1.37971e-05 -0.000156528 0.000174064 0.00955949 -0.131034 0.193281 0 0 0 -3.60407e-05 0.000683461 -0.000625581 -0.0139624 0.106828 -0.125331 -0.0600898 -0.0325984 -0.330425 -0.000143661 0.00602514 0.0327921 -0.0492626 -0.0214203 0.300977 0.369269 0.0495011 0.271894 -0.000466538 -0.00139703 -0.00539909 0.047056 0.0409776 -0.236719 -0.339302 -0.0287806 -0.206415 1.30739 -2.69517 -1.74515 0.563701 0.850951 0.498845 -0.280661 0.435485 0.70569 -0.92348 0.923187 0.473692 -0.442618 -0.450225 -0.151533 0.202113 -0.146776 -0.311528 0.591687 -0.312793 -0.223481 0 0 0 0 0 0 0 0 0 0 0 0 0 0 0 0 0 0 0 0 0 0 0 0 0 0 0 0 0 0 0 0 0 0 0 0 0 0 0 0 0 0 0 0 0 0 0 0 0 0 0 0 0 0 0 0 0 0 0 0 0 0 0 0 0 0 0 0 0 0 0 0 0 0 0 0 0 0 0 0 0 0 0 0 0 0 0 0 0 0 0 0 0 0 0 0 0 0 0 0 0 0 0 0 0 0.11985 -0.223126 0.574563 0.0444418 0.378513 -0.590826 -0.0278236 0.0340492 -0.0757411 -0.124417 0.0504161 -0.475935 -0.0846683 -0.281891 0.425108 0.00058995 -0.000500569 0.00131527 0.0518184 -0.00313247 0.144345 0 0 0 0 0 0 0 0 0 0 0 0 0 0 0 0 0 0 0 0 0 0.00161178 0.0271892 -0.00155603 0.00732484 -0.0331091 0.0078287 0 0 0 0.0154932 -0.0498225 -0.00562231 -0.0234802 0.01727 -0.00490155 0 0 0 -0.00204678 0.0160419 0.00348681 0 0 0 0 0 0 0 0 0 0 0 0 0 0 0 0 0 0 0 0 0 
-6.71311 -1.92949 8.13695 0.256468 0.855333 -0.0134537 -5.16691 0.146836 24.8487 -0.428839 2.50012 0.281156 0.00574768 -0.391524 0.0945907 12.5591 -0.294278 -33.1786 -0.0943346 -1.16117 -0.0691441 0 0 0 0 0 0 0 0 0 0 0 0 0 0 0 0 0 0 0 0 0 0 0 0 -0.00239033 0.00110467 0.00117781 0 0 0 0 0 0 0.00773888 -0.00237326 -0.00464762 0 0 0 0 0 0 0.0177182 0.0513848 -0.0855218 0 0 0 -0.000156528 -0.00110686 0.00123996 -0.131034 -0.159809 0.355045 0 0 0 0.000683461 0.00602028 -0.00561315 0.106828 0.133976 -0.239223 -0.0325984 -0.135771 0.122699 0.00602514 0.000366993 -0.0314319 -0.0214203 0.0778265 0.0493637 0.0495011 0.355494 -0.312342 -0.00139703 0.00194955 0.0118065 0.0409776 -0.0627317 -0.0786105 -0.0287806 -0.355626 0.156017 -1.66153 0.567301 1.14896 0.850951 -0.721278 -1.0017 0.435485 0.0738375 -0.474677 0.923187 0.180816 -0.26864 -0.450225 0.639275 0.418945 -0.146776 -0.0458431 0.14465 -0.312793 -0.182446 0.0790117 0 0 0 0 0 0 0 0 0 0 0 0 0 0 0 0 0 0 0 0 0 0 0 0 0 0 0 0 0 0 0 0 0 0 0 0 0 0 0 0 0 0 0 0 0 0 0 0 0 0 0 0 0 0 0 0 0 0 0 0 0 0 0 0 0 0 0 0 0 0 0 0 0 0 0 0 0 0 0 0 0 0 0 0 0 0 0 0 0 0 0 0 0 0 0 0 0 0 0 0 0 0 0 0 0 -0.223126 -0.0317224 -0.411647 0.378513 -0.0146077 0.638707 0.0340492 -0.0232929 0.0708694 0.0504161 0.135649 0.0890354 -0.281891 -0.10128 -0.412767 -0.000500569 0.000388047 -0.0010765 -0.00313247 -0.0275488 -0.00568817 0 0 0 0 0 0 0 0 0 0 0 0 0 0 0 0 0 0 0 0 0 0.0271892 0.140093 -0.00821986 -0.0331091 -0.240189 0.0595542 0 0 0 -0.0498225 -0.365689 -0.0437379 0.01727 0.275896 -0.0852505 0 0 0 0.0160419 0.104105 0.0235883 0 0 0 0 0 0 0 0 0 0 0 0 0 0 0 0 0 0 0 0 0 
-220.464 8.16808 264.767 -5.21364 0.804172 -1.58383 -145.78 22.9399 995.995 0.531345 0.162097 3.39263 -0.387683 -0.0219744 0.971217 374.511 -33.1786 -1261.01 -1.78284 -0.0376992 -2.94254 0 0 0 0 0 0 0 0 0 0 0 0 0 0 0 0 0 0 0 0 0 0 0 0 0.025953 0.00117781 -0.0115749 0 0 0 0 0 0 -0.0430566 -0.00464762 0.0226492 0 0 0 0 0 0 -0.0267571 -0.0855218 0.123904 0 0 0 0.000174064 0.00123996 -0.00137069 0.193281 0.355045 -0.442812 0 0 0 -0.000625581 -0.00561315 0.00502558 -0.125331 -0.239223 0.210726 -0.330425 0.122699 1.09583 0.0327921 -0.0314319 -0.164927 0.300977 0.0493637 -0.61227 0.271894 -0.312342 -1.30324 -0.00539909 0.0118065 0.044523 -0.236719 -0.0786105 0.377777 -0.206415 0.156017 0.741579 -2.25765 2.41317 0.351141 0.498843 -1.0017 0.400254 0.70569 -0.474677 -0.402438 0.473692 -0.26864 0.566532 -0.151533 0.418945 -0.46446 -0.311528 0.14465 0.193021 -0.223481 0.0790117 -0.236582 0 0 0 0 0 0 0 0 0 0 0 0 0 0 0 0 0 0 0 0 0 0 0 0 0 0 0 0 0 0 0 0 0 0 0 0 0 0 0 0 0 0 0 0 0 0 0 0 0 0 0 0 0 0 0 0 0 0 0 0 0 0 0 0 0 0 0 0 0 0 0 0 0 0 0 0 0 0 0 0 0 0 0 0 0 0 0 0 0 0 0 0 0 0 0 0 0 0 0 0 0 0 0 0 0 0.574563 -0.411647 0.868434 -0.590826 0.638707 -0.602388 -0.0757411 0.0708694 -0.14908 -0.475935 0.0890354 -0.695427 0.425108 -0.412767 0.247491 0.00131527 -0.0010765 0.00280691 0.144345 -0.00568817 0.234441 0 0 0 0 0 0 0 0 0 0 0 0 0 0 0 0 0 0 0 0 0 -0.00155603 -0.00821986 -0.00306476 0.0078287 0.0595542 -0.00240449 0 0 0 -0.00562231 -0.0437379 0.016962 -0.00490155 -0.0852505 -0.000277454 0 0 0 0.00348681 0.0235883 0.000708963 0 0 0 0 0 0 0 0 0 0 0 0 0 0 0 0 0 0 0 0 0 
118.772 -9.5167 165.675 6.18881 0.561613 -1.32427 -2.28864 0.0319628 -1.1258 140.262 -52.1792 303.326 -0.743943 -0.00926476 1.89682 2.84909 -0.0943346 -1.78284 -263.784 57.1931 -467.487 0 0 0 0 0 0 0 0 0 0 0 0 0 0 0 0 0 0 0 0 0 0 0 0 0 0 0 0 0 0 0 0 0 0 0 0 0 0 0 0 0 0 0 0 0 0 0 0 0 0 0 -0.0285452 -0.0226001 0.0342088 0 0 0 0 0 0 0.038855 0.0338233 -0.0408203 0.0726249 -0.0115943 -0.113711 0 0 0 -0.00964176 -0.000729271 0.0111797 -0.211211 0.088113 0.477255 0 0 0 0.0228595 0.00386468 -0.0234489 0.164687 -0.0513478 -0.358227 -4.29146 3.2127 0.940419 0.82105 -0.795691 -0.447431 0.887331 0.155385 0.248657 1.90845 2.65761 1.34047 -0.325223 0.539466 0.168348 -0.314392 -0.129355 -0.272481 -0.00105553 -1.6511 -1.102 0 0 0 0 0 0 0 0 0 0 0 0 0 0 0 0 0 0 0 0 0 0 0 0 0 0 0 -0.0286552 0.0529008 0.0393259 0 0 0 0 0 0 0.044526 -0.0709729 -0.058963 0 0 0 0 0 0 0 0 0 0 0 0 0 0 0 0 0 0 0 0 0 0 0 0 0.171047 -0.0279443 0.137044 -0.00381852 -0.00019382 -0.0031417 -0.0454968 0.0112529 -0.0249586 -0.26089 0.0983848 -0.321789 0.000561083 7.48183e-05 0.000541738 0.0324417 -0.0115215 0.0159206 0.142729 -0.0915532 0.192389 0 0 0 0 0 0 0 0 0 0 0 0 0 0 0 0 0 0 0 0 0 -0.377379 -0.00306029 0.00814046 0.555355 -0.109646 0.177289 0.0372898 0.00796731 -0.0181702 0.308632 0.00700351 -0.0709808 -0.490303 0.115512 -0.181773 -0.00260555 -0.0021555 0.00580096 -0.0778209 -0.000831297 0.0504666 0 0 0 0 0 0 0 0 0 0 0 0 0 0 0 0 0 0 0 0 0 0.000708415 -0.0248868 0.00112398 -0.00445013 0.0432528 -0.00963733 0 0 0 -0.00539875 0.0670073 0.00838566 0.0109987 -0.0584796 0.0157205 0 0 0 0.00147388 -0.0166807 -0.00381912 0 0 0 0 0 0 0 0 0 0 0 0 0 0 0 0.00181865 -0.00119386 0.000180946 0 0 0 
-31.6877 -8.01927 -20.5792 0.0446945 0.568938 -0.00994927 0.0629743 2.32064 0.0637013 -26.2332 62.4939 -187.671 4.5944e-05 -0.723607 0.0353311 0.00447535 -1.16117 -0.0376992 57.1931 -53.319 208.874 0 0 0 0 0 0 0 0 0 0 0 0 0 0 0 0 0 0 0 0 0 0 0 0 0 0 0 0 0 0 0 0 0 0 0 0 0 0 0 0 0 0 0 0 0 0 0 0 0 0 0 -0.0226001 -0.0150621 0.0254939 0 0 0 0 0 0 0.0338233 0.0226245 -0.0321848 -0.0115943 -0.00598975 0.0164207 0 0 0 -0.000729271 0.000174237 0.00082605 0.088113 0.100473 -0.125578 0 0 0 0.00386468 -0.000396326 -0.0037947 -0.0513478 -0.120524 0.0625281 -0.180362 1.029 2.87891 -0.795696 -0.886413 -1.13631 0.155385 0.189917 -1.16894 2.65342 -2.68138 -2.9468 0.539466 0.567847 0.357886 -0.129355 -0.188792 0.435182 -1.6511 -0.0839739 1.07468 0 0 0 0 0 0 0 0 0 0 0 0 0 0 0 0 0 0 0 0 0 0 0 0 0 0 0 0.0529008 -0.0781028 -0.0617883 0 0 0 0 0 0 -0.0709729 0.0778297 0.0743982 0 0 0 0 0 0 0 0 0 0 0 0 0 0 0 0 0 0 0 0 0 0 0 0 -0.0279443 -0.0059299 -0.0211247 -0.00019382 2.35154e-05 -0.000158088 0.0112529 -0.00162266 0.006028 0.0983848 0.0236964 0.100414 7.48183e-05 6.69392e-06 7.18258e-05 -0.0115215 0.00303218 -0.00549425 -0.0915532 0.00248524 -0.0949825 0 0 0 0 0 0 0 0 0 0 0 0 0 0 0 0 0 0 0 0 0 -0.00306029 -0.114558 -0.699207 -0.109646 0.00583383 0.922597 0.00796731 -0.0500498 0.20083 0.00700351 0.296305 0.157028 0.115512 -0.127871 -0.623338 -0.0021555 0.00820229 -0.0302007 -0.000831297 -0.0818985 -0.00989308 0 0 0 0 0 0 0 0 0 0 0 0 0 0 0 0 0 0 0 0 0 -0.0248868 0.141925 -0.00657014 0.0432528 -0.164028 0.0380004 0 0 0 0.0670073 -0.246144 -0.0323049 -0.0584796 0.152535 -0.0437026 0 0 0 -0.0166807 0.0696266 0.0164884 0 0 0 0 0 0 0 0 0 0 0 0 0 0 0 -0.00119386 0.000766043 -0.00011798 0 0 0 
235.506 4.37122 247.626 7.35577 0.735078 -1.17801 0.0929876 0.0502976 3.70146 225.351 -216.792 913.438 -0.0833169 -0.019247 2.96292 1.40436 -0.0691441 -2.94254 -467.487 208.874 -1164.6 0 0 0 0 0 0 0 0 0 0 0 0 0 0 0 0 0 0 0 0 0 0 0 0 0 0 0 0 0 0 0 0 0 0 0 0 0 0 0 0 0 0 0 0 0 0 0 0 0 0 0 0.0342088 0.0254939 -0.0368087 0 0 0 0 0 0 -0.0408203 -0.0321848 0.0347993 -0.113711 0.0164207 0.153381 0 0 0 0.0111797 0.00082605 -0.0124352 0.477255 -0.125578 -0.556523 0 0 0 -0.0234489 -0.0037947 0.0220025 -0.358227 0.0625281 0.306739 -2.00935 6.38255 0.97592 -0.447428 -1.1363 0.495398 0.248657 -1.16894 -0.950228 1.32871 -2.92617 1.58001 0.168348 0.357886 -0.467303 -0.272481 0.435182 0.52131 -1.102 1.07468 -0.976862 0 0 0 0 0 0 0 0 0 0 0 0 0 0 0 0 0 0 0 0 0 0 0 0 0 0 0 0.0393259 -0.0617883 -0.0409187 0 0 0 0 0 0 -0.058963 0.0743982 0.0500864 0 0 0 0 0 0 0 0 0 0 0 0 0 0 0 0 0 0 0 0 0 0 0 0 0.137044 -0.0211247 0.093362 -0.0031417 -0.000158088 -0.00252924 -0.0249586 0.006028 -0.0122749 -0.321789 0.100414 -0.274028 0.000541738 7.18258e-05 0.000516844 0.0159206 -0.00549425 0.00664809 0.192389 -0.0949825 0.156881 0 0 0 0 0 0 0 0 0 0 0 0 0 0 0 0 0 0 0 0 0 0.00814046 -0.699207 1.4825 0.177289 0.922597 -0.915337 -0.0181702 0.20083 -0.420002 -0.0709808 0.157028 -1.27969 -0.181773 -0.623338 0.45691 0.00580096 -0.0302007 0.0782575 0.0504666 -0.00989308 0.51853 0 0 0 0 0 0 0 0 0 0 0 0 0 0 0 0 0 0 0 0 0 0.00112398 -0.00657014 -0.00325234 -0.00963733 0.0380004 -0.00194775 0 0 0 0.00838566 -0.0323049 0.00795213 0.0157205 -0.0437026 0.00171085 0 0 0 -0.00381912 0.0164884 0.00138532 0 0 0 0 0 0 0 0 0 0 0 0 0 0 0 0.000180946 -0.00011798 5.50558e-06 0 0 0 
0 0 0 0 0 0 0 0 0 0 0 0 0 0 0 0 0 0 0 0 0 -350.885 -68.6648 -88.6824 68.8033 -6.33148 -62.0443 58.3629 2.45696 -11.108 -104.402 -34.8256 -109.121 -3.6864 28.8145 129.015 -12.6896 -1.46106 -5.43371 341.836 76.2687 125.707 0 0 0 0 0 0 0 0 0 0 0 0 0 0 0 0 0 0 0 0 0 0 0 0 0 0 0 0 0 0 0 0 0 0 0 0 0 0 0 0 0 0 0 0 0 0 0 0 0 0 0 0 0 0 0 0 0 0 0 0 0 0 0 0 0 0 0 0 0 0 0 0 0 0 0 0 0 0 0 0 0 0 0 0 -0.000858554 -0.0156552 -0.00129131 0 0 0 -3.70446e-05 0.000820814 0.000212956 0.167708 0.110054 0.000313264 0 0 0 -0.00135644 -0.00549372 -0.00195837 -0.248942 -0.0537537 -0.00291641 0 0 0 0 0 0 0 0 0 0 0 0 0 0 0 0 0 0 0 0 0 2.39347 -3.33924 -1.19438 -0.464456 3.57915 1.61413 -1.79103 1.87816 -0.0238596 -1.19218 1.22259 0.823089 -0.358664 -1.72225 -1.29743 0.653392 -0.564274 0.0297393 0.358134 -0.302038 -0.19874 0 0 0 0 0 0 0 0 0 0 0 0 0 0 0 0 0 0 0 0 0 0 0 0 0 0 0 0 0 0 0 0 0 0 0 0 0 0 0 0 0 0 0 0 0 0 0 0 0 0 0 0 0 0 0 0 0 0 0 0 0 0 0 0 0 0 0 0 0 0.00048041 0.017448 0.0284212 0 0 0 0 0 0 -0.00234768 -0.0109256 -0.0143691 0 0 0 0 0 0 0 0 0 0 0 0 0 0 0 0 0 0 0 0 0 0 0 0 0 0 0 0 0 0 0 0 0 0 0 0 0 0 0 0 0 0 0 0 0 
0 0 0 0 0 0 0 0 0 0 0 0 0 0 0 0 0 0 0 0 0 -68.6648 -87.656 -63.2316 11.4331 12.6737 -42.5541 3.96007 19.4409 3.82508 -25.4306 12.5526 -18.4786 12.7972 21.7062 97.3394 20.457 11.9311 86.8028 69.216 12.814 21.6376 0 0 0 0 0 0 0 0 0 0 0 0 0 0 0 0 0 0 0 0 0 0 0 0 0 0 0 0 0 0 0 0 0 0 0 0 0 0 0 0 0 0 0 0 0 0 0 0 0 0 0 0 0 0 0 0 0 0 0 0 0 0 0 0 0 0 0 0 0 0 0 0 0 0 0 0 0 0 0 0 0 0 0 0 -0.0156552 0.16367 0.0136927 0 0 0 0.000820814 -0.00905693 -0.00235939 0.110054 -1.85872 -0.00578511 0 0 0 -0.00549372 0.0827706 0.0301165 -0.0537537 1.5191 0.0960137 0 0 0 0 0 0 0 0 0 0 0 0 0 0 0 0 0 0 0 0 0 -3.33924 1.22705 1.00385 3.57915 -0.859023 -1.70556 1.87816 -0.844688 0.0185941 1.22259 -0.616498 -0.651809 -1.72225 0.184288 1.51796 -0.564274 0.301369 -0.0218761 -0.302038 0.177526 0.148013 0 0 0 0 0 0 0 0 0 0 0 0 0 0 0 0 0 0 0 0 0 0 0 0 0 0 0 0 0 0 0 0 0 0 0 0 0 0 0 0 0 0 0 0 0 0 0 0 0 0 0 0 0 0 0 0 0 0 0 0 0 0 0 0 0 0 0 0 0 0.017448 -0.0602688 -0.106537 0 0 0 0 0 0 -0.0109256 0.0569854 0.080595 0 0 0 0 0 0 0 0 0 0 0 0 0 0 0 0 0 0 0 0 0 0 0 0 0 0 0 0 0 0 0 0 0 0 0 0 0 0 0 0 0 0 0 0 0 
0 0 0 0 0 0 0 0 0 0 0 0 0 0 0 0 0 0 0 0 0 -88.6824 -63.2316 -281.032 15.9436 -29.965 -123.238 -4.73449 4.6016 40.2612 -26.9239 -3.72722 37.1591 57.9821 85.6145 333.159 86.5284 98.7218 355.746 53.6271 8.6081 -11.0227 0 0 0 0 0 0 0 0 0 0 0 0 0 0 0 0 0 0 0 0 0 0 0 0 0 0 0 0 0 0 0 0 0 0 0 0 0 0 0 0 0 0 0 0 0 0 0 0 0 0 0 0 0 0 0 0 0 0 0 0 0 0 0 0 0 0 0 0 0 0 0 0 0 0 0 0 0 0 0 0 0 0 0 0 -0.00129131 0.0136927 -0.00120551 0 0 0 0.000212956 -0.00235939 -0.00057509 0.000313264 -0.00578511 0.173651 0 0 0 -0.00195837 0.0301165 0.00902212 -0.00291641 0.0960137 -0.245366 0 0 0 0 0 0 0 0 0 0 0 0 0 0 0 0 0 0 0 0 0 -1.19438 1.00385 -1.22047 1.61414 -1.70556 2.15367 -0.0238596 0.0185941 0.618752 0.823089 -0.651809 -0.0871467 -1.29743 1.51796 -0.687184 0.0297393 -0.0218761 -0.112555 -0.19874 0.148013 0.0499733 0 0 0 0 0 0 0 0 0 0 0 0 0 0 0 0 0 0 0 0 0 0 0 0 0 0 0 0 0 0 0 0 0 0 0 0 0 0 0 0 0 0 0 0 0 0 0 0 0 0 0 0 0 0 0 0 0 0 0 0 0 0 0 0 0 0 0 0 0 0.0284212 -0.106537 -0.168403 0 0 0 0 0 0 -0.0143691 0.080595 0.101701 0 0 0 0 0 0 0 0 0 0 0 0 0 0 0 0 0 0 0 0 0 0 0 0 0 0 0 0 0 0 0 0 0 0 0 0 0 0 0 0 0 0 0 0 0 
0 0 0 0 0 0 0 0 0 0 0 0 0 0 0 0 0 0 0 0 0 68.8033 11.4331 15.9436 -160.29 6.19723 138.813 -6.53996 1.2732 4.71719 17.7524 6.82568 8.71473 76.1241 -24.9584 -164.35 7.95736e-06 -2.92418e-06 -1.40034e-05 5.47806 1.02484 0.945483 0 0 0 0 0 0 0 0 0 0 0 0 0 0 0 0 0 0 0 0 0 0 0 0 0 0 0 0 0 0 0 0 0 0 0 0 0 0 0 0 0 0 0 0 0 0 0 0 0 0 0 0 0 0 0 0 0 0 0 0 0 0 0 0 0 0 0 0 0 0 0 0 0 0 0 0 0 0 0 0 0 0 0 0 -0.00636087 0.0717323 -0.00394894 0 0 0 0.00370633 -0.0402906 -0.00527826 -0.102395 -0.303537 0.0506087 0 0 0 0.00348478 0.0543913 0.0121907 0.179213 0.250083 -0.0334926 0 0 0 0 0 0 0 0 0 0 0 0 0 0 0 0 0 0 0 0 0 -2.32782 1.87005 0.0572561 1.76395 -2.31968 -0.137056 1.11694 -0.765023 0.270278 1.07676 -0.749508 -0.313916 -0.855313 1.47009 0.543741 -0.268295 0.164746 -0.0601604 -0.253448 0.157425 0.0669886 0 0 0 0 0 0 0 0 0 0 0 0 0 0 0 0 0 0 0 0 0 0 0 0 0 0 0 0 0 0 0 0 0 0 0 0 0 0 0 0 0 0 0 0 0 0 0 0 0 0 0 0 0 0 0 0 0 0 0 0 0 0 0 -0.00560304 0.0169658 0.0347016 7.88091e-05 -7.80561e-05 -0.000261875 0.01077 -0.15975 -0.240994 0 0 0 0 0 0 0.00801635 0.0933707 0.1105 0 0 0 0 0 0 0 0 0 0 0 0 0 0 0 0 0 0 0 0 0 0 0 0 0 0 0 0 0 0 0 0 0 0 0 0 0 0 0 0 0 0 0 0 0 
0 0 0 0 0 0 0 0 0 0 0 0 0 0 0 0 0 0 0 0 0 -6.33148 12.6737 -29.965 6.19723 -45.9366 -170.803 1.27748 -5.61744 6.74278 6.81417 -6.26026 2.30206 -7.01488 43.8424 192.759 2.87546e-06 1.8801e-06 -5.70849e-06 -0.733963 0.517677 -0.164332 0 0 0 0 0 0 0 0 0 0 0 0 0 0 0 0 0 0 0 0 0 0 0 0 0 0 0 0 0 0 0 0 0 0 0 0 0 0 0 0 0 0 0 0 0 0 0 0 0 0 0 0 0 0 0 0 0 0 0 0 0 0 0 0 0 0 0 0 0 0 0 0 0 0 0 0 0 0 0 0 0 0 0 0 0.0717323 -0.324023 0.018338 0 0 0 -0.0402906 0.186126 0.0250118 -0.303537 1.3815 -0.257361 0 0 0 0.0543913 -0.267718 -0.0631384 0.250083 -1.09061 0.176421 0 0 0 0 0 0 0 0 0 0 0 0 0 0 0 0 0 0 0 0 0 1.87005 -0.35394 -0.0345233 -2.31967 -0.13421 0.0920126 -0.765023 0.248079 -0.157335 -0.749508 0.252705 0.185653 1.47007 0.258882 -0.37542 0.164746 -0.0717282 0.0341625 0.157425 -0.0700321 -0.0385024 0 0 0 0 0 0 0 0 0 0 0 0 0 0 0 0 0 0 0 0 0 0 0 0 0 0 0 0 0 0 0 0 0 0 0 0 0 0 0 0 0 0 0 0 0 0 0 0 0 0 0 0 0 0 0 0 0 0 0 0 0 0 0 0.0169658 -0.0295419 -0.0669505 -7.80561e-05 7.44046e-05 0.000254591 -0.15975 0.225019 0.451766 0 0 0 0 0 0 0.0933707 -0.188372 -0.276566 0 0 0 0 0 0 0 0 0 0 0 0 0 0 0 0 0 0 0 0 0 0 0 0 0 0 0 0 0 0 0 0 0 0 0 0 0 0 0 0 0 0 0 0 0 
0 0 0 0 0 0 0 0 0 0 0 0 0 0 0 0 0 0 0 0 0 -62.0443 -42.5541 -123.238 138.813 -170.803 -862.789 4.73487 6.7453 17.5642 8.66184 2.29197 -5.13006 -85.0086 205.726 972.489 9.32519e-06 -3.09831e-06 -1.36822e-05 -7.02378 -1.51968 -0.794369 0 0 0 0 0 0 0 0 0 0 0 0 0 0 0 0 0 0 0 0 0 0 0 0 0 0 0 0 0 0 0 0 0 0 0 0 0 0 0 0 0 0 0 0 0 0 0 0 0 0 0 0 0 0 0 0 0 0 0 0 0 0 0 0 0 0 0 0 0 0 0 0 0 0 0 0 0 0 0 0 0 0 0 0 -0.00394894 0.018338 0.00807657 0 0 0 -0.00527826 0.0250118 -0.00151958 0.0506087 -0.257361 -0.119173 0 0 0 0.0121907 -0.0631384 -0.000164603 -0.0334926 0.176421 0.203063 0 0 0 0 0 0 0 0 0 0 0 0 0 0 0 0 0 0 0 0 0 0.0572551 -0.0345227 0.772573 -0.136913 0.0919165 -1.68598 0.270278 -0.157335 -0.141674 -0.313916 0.185653 -0.112806 0.543601 -0.375326 1.13505 -0.0601604 0.0341625 0.0093487 0.0669886 -0.0385024 0.00406561 0 0 0 0 0 0 0 0 0 0 0 0 0 0 0 0 0 0 0 0 0 0 0 0 0 0 0 0 0 0 0 0 0 0 0 0 0 0 0 0 0 0 0 0 0 0 0 0 0 0 0 0 0 0 0 0 0 0 0 0 0 0 0 0.0347016 -0.0669505 -0.133748 -0.000261875 0.000254591 0.000852662 -0.240994 0.451766 0.607069 0 0 0 0 0 0 0.1105 -0.276566 -0.281981 0 0 0 0 0 0 0 0 0 0 0 0 0 0 0 0 0 0 0 0 0 0 0 0 0 0 0 0 0 0 0 0 0 0 0 0 0 0 0 0 0 0 0 0 0 
0 0 0 0 0 0 0 0 0 0 0 0 0 0 0 0 0 0 0 0 0 58.3629 3.96007 -4.73449 -6.53996 1.27748 4.73487 -312.388 -96.8091 -250.855 9.56976 -0.450298 -16.2017 -0.00652576 1.20604 5.60547 11.6416 41.9246 155.847 -0.465821 0.373571 3.4098 0 0 0 0 0 0 0 0 0 0 0 0 0 0 0 0 0 0 0 0 0 0 0 0 0 0 0 0 0 0 0 0 0 0 0 0 0 0 0 0 0 0 0 0 0 0 0 0 0 0 0 0 0 0 0 0 0 0 0 0 0 0 0 0 0 0 0 0 0 0 0 0 0 0 0 0 0 0 0 0 0 0 0 0 0 0 0 0 0 0 0 0 0 -0.0397659 -0.0926402 -0.0180398 0 0 0 0 0 0 0.0816114 0.0790911 0.0210716 0 0 0 0 0 0 0 0 0 0 0 0 0 0 0 0 0 0 0 0 0 -1.18159 1.32315 0.9424 0.429963 -1.38226 -1.19602 0.90524 -0.843262 -0.285858 0.277532 -0.241777 -0.235748 -0.0170935 0.607327 0.7149 -0.252185 0.201836 0.0551421 -0.0158678 0.01197 0.0112177 0 0 0 0 0 0 0 0 0 0 0 0 0 0 0 0 0 0 0 0 0 0 0 0 0 0 0 0 0 0 0 0 0 0 0 0 0 0 0 0 0 0 0 0 0 0 0 0 0 0 0 0 0 0 0 0 0 0 0 0 0 0 0 0 0 0 0 0 0 0 0 0 0 0 0 0 0 0 0 0 0 0 0 0 0 0 0 0 0 0 0 0 0 0 0 0 0 0 0 0 0 0 0 0 0 0 0 0 0 0 0 0 0 0 0 0 0 0 0 0 0 0 0 0 0 0 
0 0 0 0 0 0 0 0 0 0 0 0 0 0 0 0 0 0 0 0 0 2.45696 19.4409 4.6016 1.2732 -5.61744 6.7453 -96.8091 -82.2125 -161.852 -0.437602 -8.52444 0.395085 -0.341948 1.05839 0.399096 19.9987 -2.57204 84.3313 0.115046 2.51705 0.396498 0 0 0 0 0 0 0 0 0 0 0 0 0 0 0 0 0 0 0 0 0 0 0 0 0 0 0 0 0 0 0 0 0 0 0 0 0 0 0 0 0 0 0 0 0 0 0 0 0 0 0 0 0 0 0 0 0 0 0 0 0 0 0 0 0 0 0 0 0 0 0 0 0 0 0 0 0 0 0 0 0 0 0 0 0 0 0 0 0 0 0 0 0 -0.0926402 0.770336 0.159788 0 0 0 0 0 0 0.0790911 -0.726038 -0.21722 0 0 0 0 0 0 0 0 0 0 0 0 0 0 0 0 0 0 0 0 0 1.32315 -0.649578 -0.771794 -1.38226 0.414808 1.18948 -0.843262 0.450343 0.21897 -0.241777 0.154503 0.183278 0.607327 -0.107398 -0.770023 0.201836 -0.121426 -0.0401011 0.01197 -0.00840241 -0.00825237 0 0 0 0 0 0 0 0 0 0 0 0 0 0 0 0 0 0 0 0 0 0 0 0 0 0 0 0 0 0 0 0 0 0 0 0 0 0 0 0 0 0 0 0 0 0 0 0 0 0 0 0 0 0 0 0 0 0 0 0 0 0 0 0 0 0 0 0 0 0 0 0 0 0 0 0 0 0 0 0 0 0 0 0 0 0 0 0 0 0 0 0 0 0 0 0 0 0 0 0 0 0 0 0 0 0 0 0 0 0 0 0 0 0 0 0 0 0 0 0 0 0 0 0 0 0 
0 0 0 0 0 0 0 0 0 0 0 0 0 0 0 0 0 0 0 0 0 -11.108 3.82508 40.2612 4.71719 6.74278 17.5642 -250.855 -161.852 -576.444 -16.14 0.404905 5.92124 -0.872143 -0.45348 -0.409184 63.8487 72.4064 243.801 2.36597 0.223123 1.70468 0 0 0 0 0 0 0 0 0 0 0 0 0 0 0 0 0 0 0 0 0 0 0 0 0 0 0 0 0 0 0 0 0 0 0 0 0 0 0 0 0 0 0 0 0 0 0 0 0 0 0 0 0 0 0 0 0 0 0 0 0 0 0 0 0 0 0 0 0 0 0 0 0 0 0 0 0 0 0 0 0 0 0 0 0 0 0 0 0 0 0 0 0 -0.0180398 0.159788 -0.0191095 0 0 0 0 0 0 0.0210716 -0.21722 0.0314114 0 0 0 0 0 0 0 0 0 0 0 0 0 0 0 0 0 0 0 0 0 0.9424 -0.771794 -0.115669 -1.19602 1.18948 0.0693198 -0.285858 0.21897 -0.121377 -0.235748 0.183278 0.145246 0.7149 -0.770023 -0.359655 0.0551421 -0.0401011 0.0143999 0.0112177 -0.00825237 -0.00733025 0 0 0 0 0 0 0 0 0 0 0 0 0 0 0 0 0 0 0 0 0 0 0 0 0 0 0 0 0 0 0 0 0 0 0 0 0 0 0 0 0 0 0 0 0 0 0 0 0 0 0 0 0 0 0 0 0 0 0 0 0 0 0 0 0 0 0 0 0 0 0 0 0 0 0 0 0 0 0 0 0 0 0 0 0 0 0 0 0 0 0 0 0 0 0 0 0 0 0 0 0 0 0 0 0 0 0 0 0 0 0 0 0 0 0 0 0 0 0 0 0 0 0 0 0 0 
